0x4545 = 0b0000 0000 0000 0000 0100 0101 0100 0101
0xA5A5 = 0b1111 1111 1111 1111 1010 0101 1010 0101

0x0000 0400 = 0b0000 0000 0000 0000 0000 0100 0000 0000
0x0000 0402 = 0b0000 0000 0000 0000 0000 0100 0000 0010


1)
x1 : 0000 0000 0000 0000 0100 0101 0100 0101
A  : 0000 0000 0000 0000 0000 0100 0000 0000
----------------
xor: 0000 0000 0000 0000 0100 0001 0100 0101
xor: 0000 4145


2)
x1 : 0000 0000 0000 0000 0100 0101 0100 0101
x2 : 1111 1111 1111 1111 1010 0101 1010 0101
xor: 1111 1111 1111 1111 1110 0000 1110 0000
xor: ffff e0e0

3)
x1: 0000 0000 0000 0000 0100 0101 0100 0101
x2: 1111 1111 1111 1111 1010 0101 1010 0101
or: 1111 1111 1111 1111 1110 0101 1110 0101
or: ffff e5e5

4)
1: 0000 0000 0000 0000 0000 0000 0000 0001
   1111 1111 1111 1111 1111 1111 1111 1110
   1111 1111 1111 1111 1111 1111 1111 1111


x1: 0000 0000 0000 0000 0100 0101 0100 0101
-1: 1111 1111 1111 1111 1111 1111 1111 1111
or:	ffff ffff

----------------------------------

1)
x1  : 0000 0000 0000 0000 0100 0101 0100 0101
slli: 0000 0000 0000 0000 1000 1010 1000 1010
slli: 0000 8a8a

2)
x2  : 1111 1111 1111 1111 1010 0101 1010 0101
srli: 0111 1111 1111 1111 1101 0010 1101 0010
odgovor1 (fill z 0): 7fff d2d2	<- PRAVILEN
odgovor1 (fill z 1): ffff d2d2

3)
x2  : 1111 1111 1111 1111 1010 0101 1010 0101
srai: 1111 1111 1111 1111 1101 0010 1101 0010
srai: ffff d2d2

4)
x1  : 0000 0000 0000 0000 0100 0101 0100 0101
srai: 0000 0000 0000 0000 0000 0000 0000 0000
srai: 0000 0000
